#	X	Y	Z	
1	0	0	0	
2	5	0	0	
3	10	0	0	
4	15	0	0	
5	20	0	0	
6	25	0	0	
7	30	0	0	
8	35	0	0	
9	40	0	0	
10	45	0	0	
11	50	0	0	
12	55	0	0	
13	60	0	0	
14	65	0	0	
15	70	0	0	
16	75	0	0	
17	80	0	0	
18	85	0	0	
19	90	0	0	
20	95	0	0	
21	100	0	0	
22	105	0	0	
23	110	0	0	
24	115	0	0	
25	120	0	0	
26	125	0	0	
27	130	0	0	
28	135	0	0	
29	140	0	0	
30	145	0	0	
31	150	0	0	
32	155	0	0	
33	160	0	0	
34	165	0	0	
35	170	0	0	
36	175	0	0	
37	180	0	0	
38	185	0	0	
39	190	0	0	
40	195	0	0	
41	200	0	0	
42	205	0	0	
43	210	0	0	
44	215	0	0	
45	220	0	0	
46	225	0	0	
47	230	0	0	
48	235	0	0	
49	240	0	0	
50	245	0	0	
51	250	0	0	
52	255	0	0	
53	260	0	0	
54	265	0	0	
55	270	0	0	
56	275	0	0	
57	280	0	0	
58	285	0	0	
59	290	0	0	
60	295	0	0	
61	300	0	0	
62	305	0	0	
63	310	0	0	
64	315	0	0	
#	A	B	M	N
1	1	0	2	3
2	1	0	3	4
3	1	0	4	5
4	1	0	5	6
5	1	0	6	7
6	1	0	7	8
7	1	0	7	10
8	1	0	8	11
9	1	0	9	12
10	1	0	10	13
11	1	0	10	15
12	1	0	11	16
13	1	0	12	17
14	1	0	13	18
15	1	0	14	19
16	1	0	15	20
17	1	0	16	21
18	1	0	17	22
19	1	0	17	24
20	1	0	18	25
21	1	0	19	26
22	1	0	20	27
23	1	0	21	28
24	1	0	22	29
25	1	0	23	30
26	1	0	23	32
27	1	0	24	33
28	1	0	25	34
29	1	0	26	35
30	1	0	27	36
31	1	0	28	37
32	2	0	3	4
33	2	0	4	5
34	2	0	5	6
35	2	0	6	7
36	2	0	7	8
37	2	0	8	9
38	2	0	8	11
39	2	0	9	12
40	2	0	10	13
41	2	0	11	14
42	2	0	11	16
43	2	0	12	17
44	2	0	13	18
45	2	0	14	19
46	2	0	15	20
47	2	0	16	21
48	2	0	17	22
49	2	0	18	23
50	2	0	18	25
51	2	0	19	26
52	2	0	20	27
53	2	0	21	28
54	2	0	22	29
55	2	0	23	30
56	2	0	24	31
57	2	0	24	33
58	2	0	25	34
59	2	0	26	35
60	2	0	27	36
61	2	0	28	37
62	2	0	29	38
63	3	0	4	5
64	3	0	5	6
65	3	0	6	7
66	3	0	7	8
67	3	0	8	9
68	3	0	9	10
69	3	0	9	12
70	3	0	10	13
71	3	0	11	14
72	3	0	12	15
73	3	0	12	17
74	3	0	13	18
75	3	0	14	19
76	3	0	15	20
77	3	0	16	21
78	3	0	17	22
79	3	0	18	23
80	3	0	19	24
81	3	0	19	26
82	3	0	20	27
83	3	0	21	28
84	3	0	22	29
85	3	0	23	30
86	3	0	24	31
87	3	0	25	32
88	3	0	25	34
89	3	0	26	35
90	3	0	27	36
91	3	0	28	37
92	3	0	29	38
93	3	0	30	39
94	4	0	5	6
95	4	0	6	7
96	4	0	7	8
97	4	0	8	9
98	4	0	9	10
99	4	0	10	11
100	4	0	10	13
101	4	0	11	14
102	4	0	12	15
103	4	0	13	16
104	4	0	13	18
105	4	0	14	19
106	4	0	15	20
107	4	0	16	21
108	4	0	17	22
109	4	0	18	23
110	4	0	19	24
111	4	0	20	25
112	4	0	20	27
113	4	0	21	28
114	4	0	22	29
115	4	0	23	30
116	4	0	24	31
117	4	0	25	32
118	4	0	26	33
119	4	0	26	35
120	4	0	27	36
121	4	0	28	37
122	4	0	29	38
123	4	0	30	39
124	4	0	31	40
125	5	0	6	7
126	5	0	7	8
127	5	0	8	9
128	5	0	9	10
129	5	0	10	11
130	5	0	11	12
131	5	0	11	14
132	5	0	12	15
133	5	0	13	16
134	5	0	14	17
135	5	0	14	19
136	5	0	15	20
137	5	0	16	21
138	5	0	17	22
139	5	0	18	23
140	5	0	19	24
141	5	0	20	25
142	5	0	21	26
143	5	0	21	28
144	5	0	22	29
145	5	0	23	30
146	5	0	24	31
147	5	0	25	32
148	5	0	26	33
149	5	0	27	34
150	5	0	27	36
151	5	0	28	37
152	5	0	29	38
153	5	0	30	39
154	5	0	31	40
155	5	0	32	41
156	6	0	7	8
157	6	0	8	9
158	6	0	9	10
159	6	0	10	11
160	6	0	11	12
161	6	0	12	13
162	6	0	12	15
163	6	0	13	16
164	6	0	14	17
165	6	0	15	18
166	6	0	15	20
167	6	0	16	21
168	6	0	17	22
169	6	0	18	23
170	6	0	19	24
171	6	0	20	25
172	6	0	21	26
173	6	0	22	27
174	6	0	22	29
175	6	0	23	30
176	6	0	24	31
177	6	0	25	32
178	6	0	26	33
179	6	0	27	34
180	6	0	28	35
181	6	0	28	37
182	6	0	29	38
183	6	0	30	39
184	6	0	31	40
185	6	0	32	41
186	6	0	33	42
187	7	0	8	9
188	7	0	9	10
189	7	0	10	11
190	7	0	11	12
191	7	0	12	13
192	7	0	13	14
193	7	0	13	16
194	7	0	14	17
195	7	0	15	18
196	7	0	16	19
197	7	0	16	21
198	7	0	17	22
199	7	0	18	23
200	7	0	19	24
201	7	0	20	25
202	7	0	21	26
203	7	0	22	27
204	7	0	23	28
205	7	0	23	30
206	7	0	24	31
207	7	0	25	32
208	7	0	26	33
209	7	0	27	34
210	7	0	28	35
211	7	0	29	36
212	7	0	29	38
213	7	0	30	39
214	7	0	31	40
215	7	0	32	41
216	7	0	33	42
217	7	0	34	43
218	8	0	9	10
219	8	0	10	11
220	8	0	11	12
221	8	0	12	13
222	8	0	13	14
223	8	0	14	15
224	8	0	14	17
225	8	0	15	18
226	8	0	16	19
227	8	0	17	20
228	8	0	17	22
229	8	0	18	23
230	8	0	19	24
231	8	0	20	25
232	8	0	21	26
233	8	0	22	27
234	8	0	23	28
235	8	0	24	29
236	8	0	24	31
237	8	0	25	32
238	8	0	26	33
239	8	0	27	34
240	8	0	28	35
241	8	0	29	36
242	8	0	30	37
243	8	0	30	39
244	8	0	31	40
245	8	0	32	41
246	8	0	33	42
247	8	0	34	43
248	8	0	35	44
249	9	0	10	11
250	9	0	11	12
251	9	0	12	13
252	9	0	13	14
253	9	0	14	15
254	9	0	15	16
255	9	0	15	18
256	9	0	16	19
257	9	0	17	20
258	9	0	18	21
259	9	0	18	23
260	9	0	19	24
261	9	0	20	25
262	9	0	21	26
263	9	0	22	27
264	9	0	23	28
265	9	0	24	29
266	9	0	25	30
267	9	0	25	32
268	9	0	26	33
269	9	0	27	34
270	9	0	28	35
271	9	0	29	36
272	9	0	30	37
273	9	0	31	38
274	9	0	31	40
275	9	0	32	41
276	9	0	33	42
277	9	0	34	43
278	9	0	35	44
279	9	0	36	45
280	10	0	11	12
281	10	0	12	13
282	10	0	13	14
283	10	0	14	15
284	10	0	15	16
285	10	0	16	17
286	10	0	16	19
287	10	0	17	20
288	10	0	18	21
289	10	0	19	22
290	10	0	19	24
291	10	0	20	25
292	10	0	21	26
293	10	0	22	27
294	10	0	23	28
295	10	0	24	29
296	10	0	25	30
297	10	0	26	31
298	10	0	26	33
299	10	0	27	34
300	10	0	28	35
301	10	0	29	36
302	10	0	30	37
303	10	0	31	38
304	10	0	32	39
305	10	0	32	41
306	10	0	33	42
307	10	0	34	43
308	10	0	35	44
309	10	0	36	45
310	10	0	37	46
311	11	0	12	13
312	11	0	13	14
313	11	0	14	15
314	11	0	15	16
315	11	0	16	17
316	11	0	17	18
317	11	0	17	20
318	11	0	18	21
319	11	0	19	22
320	11	0	20	23
321	11	0	20	25
322	11	0	21	26
323	11	0	22	27
324	11	0	23	28
325	11	0	24	29
326	11	0	25	30
327	11	0	26	31
328	11	0	27	32
329	11	0	27	34
330	11	0	28	35
331	11	0	29	36
332	11	0	30	37
333	11	0	31	38
334	11	0	32	39
335	11	0	33	40
336	11	0	33	42
337	11	0	34	43
338	11	0	35	44
339	11	0	36	45
340	11	0	37	46
341	11	0	38	47
342	12	0	13	14
343	12	0	14	15
344	12	0	15	16
345	12	0	16	17
346	12	0	17	18
347	12	0	18	19
348	12	0	18	21
349	12	0	19	22
350	12	0	20	23
351	12	0	21	24
352	12	0	21	26
353	12	0	22	27
354	12	0	23	28
355	12	0	24	29
356	12	0	25	30
357	12	0	26	31
358	12	0	27	32
359	12	0	28	33
360	12	0	28	35
361	12	0	29	36
362	12	0	30	37
363	12	0	31	38
364	12	0	32	39
365	12	0	33	40
366	12	0	34	41
367	12	0	34	43
368	12	0	35	44
369	12	0	36	45
370	12	0	37	46
371	12	0	38	47
372	12	0	39	48
373	13	0	14	15
374	13	0	15	16
375	13	0	16	17
376	13	0	17	18
377	13	0	18	19
378	13	0	19	20
379	13	0	19	22
380	13	0	20	23
381	13	0	21	24
382	13	0	22	25
383	13	0	22	27
384	13	0	23	28
385	13	0	24	29
386	13	0	25	30
387	13	0	26	31
388	13	0	27	32
389	13	0	28	33
390	13	0	29	34
391	13	0	29	36
392	13	0	30	37
393	13	0	31	38
394	13	0	32	39
395	13	0	33	40
396	13	0	34	41
397	13	0	35	42
398	13	0	35	44
399	13	0	36	45
400	13	0	37	46
401	13	0	38	47
402	13	0	39	48
403	13	0	40	49
404	14	0	15	16
405	14	0	16	17
406	14	0	17	18
407	14	0	18	19
408	14	0	19	20
409	14	0	20	21
410	14	0	20	23
411	14	0	21	24
412	14	0	22	25
413	14	0	23	26
414	14	0	23	28
415	14	0	24	29
416	14	0	25	30
417	14	0	26	31
418	14	0	27	32
419	14	0	28	33
420	14	0	29	34
421	14	0	30	35
422	14	0	30	37
423	14	0	31	38
424	14	0	32	39
425	14	0	33	40
426	14	0	34	41
427	14	0	35	42
428	14	0	36	43
429	14	0	36	45
430	14	0	37	46
431	14	0	38	47
432	14	0	39	48
433	14	0	40	49
434	14	0	41	50
435	15	0	16	17
436	15	0	17	18
437	15	0	18	19
438	15	0	19	20
439	15	0	20	21
440	15	0	21	22
441	15	0	21	24
442	15	0	22	25
443	15	0	23	26
444	15	0	24	27
445	15	0	24	29
446	15	0	25	30
447	15	0	26	31
448	15	0	27	32
449	15	0	28	33
450	15	0	29	34
451	15	0	30	35
452	15	0	31	36
453	15	0	31	38
454	15	0	32	39
455	15	0	33	40
456	15	0	34	41
457	15	0	35	42
458	15	0	36	43
459	15	0	37	44
460	15	0	37	46
461	15	0	38	47
462	15	0	39	48
463	15	0	40	49
464	15	0	41	50
465	15	0	42	51
466	16	0	17	18
467	16	0	18	19
468	16	0	19	20
469	16	0	20	21
470	16	0	21	22
471	16	0	22	23
472	16	0	22	25
473	16	0	23	26
474	16	0	24	27
475	16	0	25	28
476	16	0	25	30
477	16	0	26	31
478	16	0	27	32
479	16	0	28	33
480	16	0	29	34
481	16	0	30	35
482	16	0	31	36
483	16	0	32	37
484	16	0	32	39
485	16	0	33	40
486	16	0	34	41
487	16	0	35	42
488	16	0	36	43
489	16	0	37	44
490	16	0	38	45
491	16	0	38	47
492	16	0	39	48
493	16	0	40	49
494	16	0	41	50
495	16	0	42	51
496	16	0	43	52
497	17	0	18	19
498	17	0	19	20
499	17	0	20	21
500	17	0	21	22
501	17	0	22	23
502	17	0	23	24
503	17	0	23	26
504	17	0	24	27
505	17	0	25	28
506	17	0	26	29
507	17	0	26	31
508	17	0	27	32
509	17	0	28	33
510	17	0	29	34
511	17	0	30	35
512	17	0	31	36
513	17	0	32	37
514	17	0	33	38
515	17	0	33	40
516	17	0	34	41
517	17	0	35	42
518	17	0	36	43
519	17	0	37	44
520	17	0	38	45
521	17	0	39	46
522	17	0	39	48
523	17	0	40	49
524	17	0	41	50
525	17	0	42	51
526	17	0	43	52
527	17	0	44	53
528	18	0	19	20
529	18	0	20	21
530	18	0	21	22
531	18	0	22	23
532	18	0	23	24
533	18	0	24	25
534	18	0	24	27
535	18	0	25	28
536	18	0	26	29
537	18	0	27	30
538	18	0	27	32
539	18	0	28	33
540	18	0	29	34
541	18	0	30	35
542	18	0	31	36
543	18	0	32	37
544	18	0	33	38
545	18	0	34	39
546	18	0	34	41
547	18	0	35	42
548	18	0	36	43
549	18	0	37	44
550	18	0	38	45
551	18	0	39	46
552	18	0	40	47
553	18	0	40	49
554	18	0	41	50
555	18	0	42	51
556	18	0	43	52
557	18	0	44	53
558	18	0	45	54
559	19	0	20	21
560	19	0	21	22
561	19	0	22	23
562	19	0	23	24
563	19	0	24	25
564	19	0	25	26
565	19	0	25	28
566	19	0	26	29
567	19	0	27	30
568	19	0	28	31
569	19	0	28	33
570	19	0	29	34
571	19	0	30	35
572	19	0	31	36
573	19	0	32	37
574	19	0	33	38
575	19	0	34	39
576	19	0	35	40
577	19	0	35	42
578	19	0	36	43
579	19	0	37	44
580	19	0	38	45
581	19	0	39	46
582	19	0	40	47
583	19	0	41	48
584	19	0	41	50
585	19	0	42	51
586	19	0	43	52
587	19	0	44	53
588	19	0	45	54
589	19	0	46	55
590	20	0	21	22
591	20	0	22	23
592	20	0	23	24
593	20	0	24	25
594	20	0	25	26
595	20	0	26	27
596	20	0	26	29
597	20	0	27	30
598	20	0	28	31
599	20	0	29	32
600	20	0	29	34
601	20	0	30	35
602	20	0	31	36
603	20	0	32	37
604	20	0	33	38
605	20	0	34	39
606	20	0	35	40
607	20	0	36	41
608	20	0	36	43
609	20	0	37	44
610	20	0	38	45
611	20	0	39	46
612	20	0	40	47
613	20	0	41	48
614	20	0	42	49
615	20	0	42	51
616	20	0	43	52
617	20	0	44	53
618	20	0	45	54
619	20	0	46	55
620	20	0	47	56
621	21	0	22	23
622	21	0	23	24
623	21	0	24	25
624	21	0	25	26
625	21	0	26	27
626	21	0	27	28
627	21	0	27	30
628	21	0	28	31
629	21	0	29	32
630	21	0	30	33
631	21	0	30	35
632	21	0	31	36
633	21	0	32	37
634	21	0	33	38
635	21	0	34	39
636	21	0	35	40
637	21	0	36	41
638	21	0	37	42
639	21	0	37	44
640	21	0	38	45
641	21	0	39	46
642	21	0	40	47
643	21	0	41	48
644	21	0	42	49
645	21	0	43	50
646	21	0	43	52
647	21	0	44	53
648	21	0	45	54
649	21	0	46	55
650	21	0	47	56
651	21	0	48	57
652	22	0	23	24
653	22	0	24	25
654	22	0	25	26
655	22	0	26	27
656	22	0	27	28
657	22	0	28	29
658	22	0	28	31
659	22	0	29	32
660	22	0	30	33
661	22	0	31	34
662	22	0	31	36
663	22	0	32	37
664	22	0	33	38
665	22	0	34	39
666	22	0	35	40
667	22	0	36	41
668	22	0	37	42
669	22	0	38	43
670	22	0	38	45
671	22	0	39	46
672	22	0	40	47
673	22	0	41	48
674	22	0	42	49
675	22	0	43	50
676	22	0	44	51
677	22	0	44	53
678	22	0	45	54
679	22	0	46	55
680	22	0	47	56
681	22	0	48	57
682	22	0	49	58
683	23	0	24	25
684	23	0	25	26
685	23	0	26	27
686	23	0	27	28
687	23	0	28	29
688	23	0	29	30
689	23	0	29	32
690	23	0	30	33
691	23	0	31	34
692	23	0	32	35
693	23	0	32	37
694	23	0	33	38
695	23	0	34	39
696	23	0	35	40
697	23	0	36	41
698	23	0	37	42
699	23	0	38	43
700	23	0	39	44
701	23	0	39	46
702	23	0	40	47
703	23	0	41	48
704	23	0	42	49
705	23	0	43	50
706	23	0	44	51
707	23	0	45	52
708	23	0	45	54
709	23	0	46	55
710	23	0	47	56
711	23	0	48	57
712	23	0	49	58
713	23	0	50	59
714	24	0	25	26
715	24	0	26	27
716	24	0	27	28
717	24	0	28	29
718	24	0	29	30
719	24	0	30	31
720	24	0	30	33
721	24	0	31	34
722	24	0	32	35
723	24	0	33	36
724	24	0	33	38
725	24	0	34	39
726	24	0	35	40
727	24	0	36	41
728	24	0	37	42
729	24	0	38	43
730	24	0	39	44
731	24	0	40	45
732	24	0	40	47
733	24	0	41	48
734	24	0	42	49
735	24	0	43	50
736	24	0	44	51
737	24	0	45	52
738	24	0	46	53
739	24	0	46	55
740	24	0	47	56
741	24	0	48	57
742	24	0	49	58
743	24	0	50	59
744	24	0	51	60
745	25	0	26	27
746	25	0	27	28
747	25	0	28	29
748	25	0	29	30
749	25	0	30	31
750	25	0	31	32
751	25	0	31	34
752	25	0	32	35
753	25	0	33	36
754	25	0	34	37
755	25	0	34	39
756	25	0	35	40
757	25	0	36	41
758	25	0	37	42
759	25	0	38	43
760	25	0	39	44
761	25	0	40	45
762	25	0	41	46
763	25	0	41	48
764	25	0	42	49
765	25	0	43	50
766	25	0	44	51
767	25	0	45	52
768	25	0	46	53
769	25	0	47	54
770	25	0	47	56
771	25	0	48	57
772	25	0	49	58
773	25	0	50	59
774	25	0	51	60
775	25	0	52	61
776	26	0	27	28
777	26	0	28	29
778	26	0	29	30
779	26	0	30	31
780	26	0	31	32
781	26	0	32	33
782	26	0	32	35
783	26	0	33	36
784	26	0	34	37
785	26	0	35	38
786	26	0	35	40
787	26	0	36	41
788	26	0	37	42
789	26	0	38	43
790	26	0	39	44
791	26	0	40	45
792	26	0	41	46
793	26	0	42	47
794	26	0	42	49
795	26	0	43	50
796	26	0	44	51
797	26	0	45	52
798	26	0	46	53
799	26	0	47	54
800	26	0	48	55
801	26	0	48	57
802	26	0	49	58
803	26	0	50	59
804	26	0	51	60
805	26	0	52	61
806	26	0	53	62
807	27	0	28	29
808	27	0	29	30
809	27	0	30	31
810	27	0	31	32
811	27	0	32	33
812	27	0	33	34
813	27	0	33	36
814	27	0	34	37
815	27	0	35	38
816	27	0	36	39
817	27	0	36	41
818	27	0	37	42
819	27	0	38	43
820	27	0	39	44
821	27	0	40	45
822	27	0	41	46
823	27	0	42	47
824	27	0	43	48
825	27	0	43	50
826	27	0	44	51
827	27	0	45	52
828	27	0	46	53
829	27	0	47	54
830	27	0	48	55
831	27	0	49	56
832	27	0	49	58
833	27	0	50	59
834	27	0	51	60
835	27	0	52	61
836	27	0	53	62
837	27	0	54	63
838	28	0	29	30
839	28	0	30	31
840	28	0	31	32
841	28	0	32	33
842	28	0	33	34
843	28	0	34	35
844	28	0	34	37
845	28	0	35	38
846	28	0	36	39
847	28	0	37	40
848	28	0	37	42
849	28	0	38	43
850	28	0	39	44
851	28	0	40	45
852	28	0	41	46
853	28	0	42	47
854	28	0	43	48
855	28	0	44	49
856	28	0	44	51
857	28	0	45	52
858	28	0	46	53
859	28	0	47	54
860	28	0	48	55
861	28	0	49	56
862	28	0	50	57
863	28	0	50	59
864	28	0	51	60
865	28	0	52	61
866	28	0	53	62
867	28	0	54	63
868	28	0	55	64
869	29	0	30	31
870	29	0	31	32
871	29	0	32	33
872	29	0	33	34
873	29	0	34	35
874	29	0	35	36
875	29	0	35	38
876	29	0	36	39
877	29	0	37	40
878	29	0	38	41
879	29	0	38	43
880	29	0	39	44
881	29	0	40	45
882	29	0	41	46
883	29	0	42	47
884	29	0	43	48
885	29	0	44	49
886	29	0	45	50
887	29	0	45	52
888	29	0	46	53
889	29	0	47	54
890	29	0	48	55
891	29	0	49	56
892	29	0	50	57
893	29	0	51	58
894	29	0	51	60
895	29	0	52	61
896	29	0	53	62
897	29	0	54	63
898	29	0	55	64
899	30	0	31	32
900	30	0	32	33
901	30	0	33	34
902	30	0	34	35
903	30	0	35	36
904	30	0	36	37
905	30	0	36	39
906	30	0	37	40
907	30	0	38	41
908	30	0	39	42
909	30	0	39	44
910	30	0	40	45
911	30	0	41	46
912	30	0	42	47
913	30	0	43	48
914	30	0	44	49
915	30	0	45	50
916	30	0	46	51
917	30	0	46	53
918	30	0	47	54
919	30	0	48	55
920	30	0	49	56
921	30	0	50	57
922	30	0	51	58
923	30	0	52	59
924	30	0	52	61
925	30	0	53	62
926	30	0	54	63
927	30	0	55	64
928	31	0	32	33
929	31	0	33	34
930	31	0	34	35
931	31	0	35	36
932	31	0	36	37
933	31	0	37	38
934	31	0	37	40
935	31	0	38	41
936	31	0	39	42
937	31	0	40	43
938	31	0	40	45
939	31	0	41	46
940	31	0	42	47
941	31	0	43	48
942	31	0	44	49
943	31	0	45	50
944	31	0	46	51
945	31	0	47	52
946	31	0	47	54
947	31	0	48	55
948	31	0	49	56
949	31	0	50	57
950	31	0	51	58
951	31	0	52	59
952	31	0	53	60
953	31	0	53	62
954	31	0	54	63
955	31	0	55	64
956	32	0	33	34
957	32	0	34	35
958	32	0	35	36
959	32	0	36	37
960	32	0	37	38
961	32	0	38	39
962	32	0	38	41
963	32	0	39	42
964	32	0	40	43
965	32	0	41	44
966	32	0	41	46
967	32	0	42	47
968	32	0	43	48
969	32	0	44	49
970	32	0	45	50
971	32	0	46	51
972	32	0	47	52
973	32	0	48	53
974	32	0	48	55
975	32	0	49	56
976	32	0	50	57
977	32	0	51	58
978	32	0	52	59
979	32	0	53	60
980	32	0	54	61
981	32	0	54	63
982	32	0	55	64
983	33	0	34	35
984	33	0	35	36
985	33	0	36	37
986	33	0	37	38
987	33	0	38	39
988	33	0	39	40
989	33	0	39	42
990	33	0	40	43
991	33	0	41	44
992	33	0	42	45
993	33	0	42	47
994	33	0	43	48
995	33	0	44	49
996	33	0	45	50
997	33	0	46	51
998	33	0	47	52
999	33	0	48	53
1000	33	0	49	54
1001	33	0	49	56
1002	33	0	50	57
1003	33	0	51	58
1004	33	0	52	59
1005	33	0	53	60
1006	33	0	54	61
1007	33	0	55	62
1008	33	0	55	64
1009	34	0	35	36
1010	34	0	36	37
1011	34	0	37	38
1012	34	0	38	39
1013	34	0	39	40
1014	34	0	40	41
1015	34	0	40	43
1016	34	0	41	44
1017	34	0	42	45
1018	34	0	43	46
1019	34	0	43	48
1020	34	0	44	49
1021	34	0	45	50
1022	34	0	46	51
1023	34	0	47	52
1024	34	0	48	53
1025	34	0	49	54
1026	34	0	50	55
1027	34	0	50	57
1028	34	0	51	58
1029	34	0	52	59
1030	34	0	53	60
1031	34	0	54	61
1032	34	0	55	62
1033	34	0	56	63
1034	35	0	36	37
1035	35	0	37	38
1036	35	0	38	39
1037	35	0	39	40
1038	35	0	40	41
1039	35	0	41	42
1040	35	0	41	44
1041	35	0	42	45
1042	35	0	43	46
1043	35	0	44	47
1044	35	0	44	49
1045	35	0	45	50
1046	35	0	46	51
1047	35	0	47	52
1048	35	0	48	53
1049	35	0	49	54
1050	35	0	50	55
1051	35	0	51	56
1052	35	0	51	58
1053	35	0	52	59
1054	35	0	53	60
1055	35	0	54	61
1056	35	0	55	62
1057	35	0	56	63
1058	35	0	57	64
1059	36	0	37	38
1060	36	0	38	39
1061	36	0	39	40
1062	36	0	40	41
1063	36	0	41	42
1064	36	0	42	43
1065	36	0	42	45
1066	36	0	43	46
1067	36	0	44	47
1068	36	0	45	48
1069	36	0	45	50
1070	36	0	46	51
1071	36	0	47	52
1072	36	0	48	53
1073	36	0	49	54
1074	36	0	50	55
1075	36	0	51	56
1076	36	0	52	57
1077	36	0	52	59
1078	36	0	53	60
1079	36	0	54	61
1080	36	0	55	62
1081	36	0	56	63
1082	36	0	57	64
1083	37	0	38	39
1084	37	0	39	40
1085	37	0	40	41
1086	37	0	41	42
1087	37	0	42	43
1088	37	0	43	44
1089	37	0	43	46
1090	37	0	44	47
1091	37	0	45	48
1092	37	0	46	49
1093	37	0	46	51
1094	37	0	47	52
1095	37	0	48	53
1096	37	0	49	54
1097	37	0	50	55
1098	37	0	51	56
1099	37	0	52	57
1100	37	0	53	58
1101	37	0	53	60
1102	37	0	54	61
1103	37	0	55	62
1104	37	0	56	63
1105	37	0	57	64
1106	38	0	39	40
1107	38	0	40	41
1108	38	0	41	42
1109	38	0	42	43
1110	38	0	43	44
1111	38	0	44	45
1112	38	0	44	47
1113	38	0	45	48
1114	38	0	46	49
1115	38	0	47	50
1116	38	0	47	52
1117	38	0	48	53
1118	38	0	49	54
1119	38	0	50	55
1120	38	0	51	56
1121	38	0	52	57
1122	38	0	53	58
1123	38	0	54	59
1124	38	0	54	61
1125	38	0	55	62
1126	38	0	56	63
1127	38	0	57	64
1128	39	0	40	41
1129	39	0	41	42
1130	39	0	42	43
1131	39	0	43	44
1132	39	0	44	45
1133	39	0	45	46
1134	39	0	45	48
1135	39	0	46	49
1136	39	0	47	50
1137	39	0	48	51
1138	39	0	48	53
1139	39	0	49	54
1140	39	0	50	55
1141	39	0	51	56
1142	39	0	52	57
1143	39	0	53	58
1144	39	0	54	59
1145	39	0	55	60
1146	39	0	55	62
1147	39	0	56	63
1148	39	0	57	64
1149	40	0	41	42
1150	40	0	42	43
1151	40	0	43	44
1152	40	0	44	45
1153	40	0	45	46
1154	40	0	46	47
1155	40	0	46	49
1156	40	0	47	50
1157	40	0	48	51
1158	40	0	49	52
1159	40	0	49	54
1160	40	0	50	55
1161	40	0	51	56
1162	40	0	52	57
1163	40	0	53	58
1164	40	0	54	59
1165	40	0	55	60
1166	40	0	56	61
1167	40	0	56	63
1168	40	0	57	64
1169	41	0	42	43
1170	41	0	43	44
1171	41	0	44	45
1172	41	0	45	46
1173	41	0	46	47
1174	41	0	47	48
1175	41	0	47	50
1176	41	0	48	51
1177	41	0	49	52
1178	41	0	50	53
1179	41	0	50	55
1180	41	0	51	56
1181	41	0	52	57
1182	41	0	53	58
1183	41	0	54	59
1184	41	0	55	60
1185	41	0	56	61
1186	41	0	57	62
1187	41	0	57	64
1188	42	0	43	44
1189	42	0	44	45
1190	42	0	45	46
1191	42	0	46	47
1192	42	0	47	48
1193	42	0	48	49
1194	42	0	48	51
1195	42	0	49	52
1196	42	0	50	53
1197	42	0	51	54
1198	42	0	51	56
1199	42	0	52	57
1200	42	0	53	58
1201	42	0	54	59
1202	42	0	55	60
1203	42	0	56	61
1204	42	0	57	62
1205	42	0	58	63
1206	43	0	44	45
1207	43	0	45	46
1208	43	0	46	47
1209	43	0	47	48
1210	43	0	48	49
1211	43	0	49	50
1212	43	0	49	52
1213	43	0	50	53
1214	43	0	51	54
1215	43	0	52	55
1216	43	0	52	57
1217	43	0	53	58
1218	43	0	54	59
1219	43	0	55	60
1220	43	0	56	61
1221	43	0	57	62
1222	43	0	58	63
1223	43	0	59	64
1224	44	0	45	46
1225	44	0	46	47
1226	44	0	47	48
1227	44	0	48	49
1228	44	0	49	50
1229	44	0	50	51
1230	44	0	50	53
1231	44	0	51	54
1232	44	0	52	55
1233	44	0	53	56
1234	44	0	53	58
1235	44	0	54	59
1236	44	0	55	60
1237	44	0	56	61
1238	44	0	57	62
1239	44	0	58	63
1240	44	0	59	64
1241	45	0	46	47
1242	45	0	47	48
1243	45	0	48	49
1244	45	0	49	50
1245	45	0	50	51
1246	45	0	51	52
1247	45	0	51	54
1248	45	0	52	55
1249	45	0	53	56
1250	45	0	54	57
1251	45	0	54	59
1252	45	0	55	60
1253	45	0	56	61
1254	45	0	57	62
1255	45	0	58	63
1256	45	0	59	64
1257	46	0	47	48
1258	46	0	48	49
1259	46	0	49	50
1260	46	0	50	51
1261	46	0	51	52
1262	46	0	52	53
1263	46	0	52	55
1264	46	0	53	56
1265	46	0	54	57
1266	46	0	55	58
1267	46	0	55	60
1268	46	0	56	61
1269	46	0	57	62
1270	46	0	58	63
1271	46	0	59	64
1272	47	0	48	49
1273	47	0	49	50
1274	47	0	50	51
1275	47	0	51	52
1276	47	0	52	53
1277	47	0	53	54
1278	47	0	53	56
1279	47	0	54	57
1280	47	0	55	58
1281	47	0	56	59
1282	47	0	56	61
1283	47	0	57	62
1284	47	0	58	63
1285	47	0	59	64
1286	48	0	49	50
1287	48	0	50	51
1288	48	0	51	52
1289	48	0	52	53
1290	48	0	53	54
1291	48	0	54	55
1292	48	0	54	57
1293	48	0	55	58
1294	48	0	56	59
1295	48	0	57	60
1296	48	0	57	62
1297	48	0	58	63
1298	48	0	59	64
1299	49	0	50	51
1300	49	0	51	52
1301	49	0	52	53
1302	49	0	53	54
1303	49	0	54	55
1304	49	0	55	56
1305	49	0	55	58
1306	49	0	56	59
1307	49	0	57	60
1308	49	0	58	61
1309	49	0	58	63
1310	49	0	59	64
1311	50	0	51	52
1312	50	0	52	53
1313	50	0	53	54
1314	50	0	54	55
1315	50	0	55	56
1316	50	0	56	57
1317	50	0	56	59
1318	50	0	57	60
1319	50	0	58	61
1320	50	0	59	62
1321	50	0	59	64
1322	51	0	52	53
1323	51	0	53	54
1324	51	0	54	55
1325	51	0	55	56
1326	51	0	56	57
1327	51	0	57	58
1328	51	0	57	60
1329	51	0	58	61
1330	51	0	59	62
1331	51	0	60	63
1332	52	0	53	54
1333	52	0	54	55
1334	52	0	55	56
1335	52	0	56	57
1336	52	0	57	58
1337	52	0	58	59
1338	52	0	58	61
1339	52	0	59	62
1340	52	0	60	63
1341	52	0	61	64
1342	53	0	54	55
1343	53	0	55	56
1344	53	0	56	57
1345	53	0	57	58
1346	53	0	58	59
1347	53	0	59	60
1348	53	0	59	62
1349	53	0	60	63
1350	53	0	61	64
1351	54	0	55	56
1352	54	0	56	57
1353	54	0	57	58
1354	54	0	58	59
1355	54	0	59	60
1356	54	0	60	61
1357	54	0	60	63
1358	54	0	61	64
1359	55	0	56	57
1360	55	0	57	58
1361	55	0	58	59
1362	55	0	59	60
1363	55	0	60	61
1364	55	0	61	62
1365	55	0	61	64
1366	56	0	57	58
1367	56	0	58	59
1368	56	0	59	60
1369	56	0	60	61
1370	56	0	61	62
1371	56	0	62	63
1372	57	0	58	59
1373	57	0	59	60
1374	57	0	60	61
1375	57	0	61	62
1376	57	0	62	63
1377	57	0	63	64
1378	58	0	59	60
1379	58	0	60	61
1380	58	0	61	62
1381	58	0	62	63
1382	58	0	63	64
1383	59	0	60	61
1384	59	0	61	62
1385	59	0	62	63
1386	59	0	63	64
1387	60	0	61	62
1388	60	0	62	63
1389	60	0	63	64
1390	61	0	62	63
1391	61	0	63	64
1392	62	0	63	64
1393	33	0	1	10
1394	33	0	2	11
1395	33	0	4	11
1396	33	0	5	12
1397	33	0	6	13
1398	33	0	7	14
1399	33	0	8	15
1400	33	0	9	16
1401	33	0	10	17
1402	33	0	12	17
1403	33	0	13	18
1404	33	0	14	19
1405	33	0	15	20
1406	33	0	16	21
1407	33	0	17	22
1408	33	0	18	23
1409	33	0	19	24
1410	33	0	21	24
1411	33	0	22	25
1412	33	0	23	26
1413	33	0	24	27
1414	33	0	26	27
1415	33	0	27	28
1416	33	0	28	29
1417	33	0	29	30
1418	33	0	30	31
1419	33	0	31	32
1420	25	0	21	22
1421	25	0	22	23
1422	25	0	23	24
1423	15	0	10	11
1424	15	0	11	12
1425	15	0	12	13
1426	15	0	13	14
1427	10	0	8	9
1428	12	0	1	4
1429	12	0	2	5
1430	12	0	3	6
1431	12	0	5	6
1432	12	0	6	7
1433	12	0	7	8
1434	12	0	8	9
1435	12	0	9	10
1436	12	0	10	11
1437	11	0	1	4
1438	11	0	2	5
1439	11	0	4	5
1440	11	0	5	6
1441	11	0	6	7
1442	21	0	1	6
1443	21	0	2	7
1444	21	0	3	8
1445	21	0	4	9
1446	34	0	1	10
1447	34	0	2	11
1448	34	0	3	12
1449	34	0	5	12
1450	34	0	6	13
1451	34	0	7	14
1452	34	0	8	15
1453	34	0	9	16
1454	34	0	10	17
1455	34	0	11	18
1456	34	0	13	18
1457	34	0	14	19
1458	34	0	15	20
1459	34	0	16	21
1460	34	0	17	22
1461	34	0	18	23
1462	34	0	19	24
1463	34	0	20	25
1464	34	0	22	25
1465	34	0	23	26
1466	34	0	24	27
1467	34	0	25	28
1468	34	0	27	28
1469	34	0	28	29
1470	34	0	29	30
1471	34	0	30	31
1472	34	0	31	32
1473	34	0	32	33
1474	21	0	5	10
1475	21	0	6	11
1476	21	0	7	12
1477	21	0	9	12
1478	21	0	10	13
1479	21	0	11	14
1480	21	0	12	15
1481	21	0	14	15
1482	21	0	15	16
1483	26	0	1	8
1484	26	0	2	9
1485	26	0	3	10
1486	26	0	5	10
1487	26	0	6	11
1488	26	0	7	12
1489	26	0	8	13
1490	26	0	9	14
1491	26	0	10	15
1492	26	0	11	16
1493	26	0	12	17
1494	26	0	14	17
1495	26	0	15	18
1496	26	0	16	19
1497	26	0	17	20
1498	26	0	19	20
1499	35	0	1	10
1500	35	0	2	11
1501	35	0	3	12
1502	35	0	4	13
1503	35	0	6	13
1504	35	0	7	14
1505	35	0	8	15
1506	35	0	9	16
1507	35	0	10	17
1508	35	0	11	18
1509	35	0	12	19
1510	35	0	14	19
1511	35	0	15	20
1512	35	0	16	21
1513	35	0	17	22
1514	35	0	18	23
1515	35	0	19	24
1516	35	0	20	25
1517	35	0	21	26
1518	35	0	23	26
1519	35	0	24	27
1520	35	0	25	28
1521	35	0	26	29
1522	35	0	28	29
1523	35	0	29	30
1524	35	0	30	31
1525	35	0	31	32
1526	35	0	32	33
1527	35	0	33	34
1528	26	0	20	21
1529	26	0	21	22
1530	26	0	22	23
1531	26	0	23	24
1532	26	0	24	25
1533	21	0	16	17
1534	21	0	17	18
1535	21	0	18	19
1536	21	0	19	20
1537	11	0	7	8
1538	11	0	8	9
1539	11	0	9	10
1540	8	0	6	7
1541	6	0	3	4
1542	18	0	1	6
1543	18	0	2	7
1544	18	0	3	8
1545	18	0	4	9
1546	18	0	6	9
1547	18	0	7	10
1548	18	0	8	11
1549	18	0	9	12
1550	18	0	11	12
1551	18	0	12	13
1552	18	0	13	14
1553	36	0	1	10
1554	36	0	2	11
1555	36	0	3	12
1556	36	0	4	13
1557	36	0	5	14
1558	36	0	7	14
1559	36	0	8	15
1560	36	0	9	16
1561	36	0	10	17
1562	36	0	11	18
1563	36	0	12	19
1564	36	0	13	20
1565	36	0	15	20
1566	36	0	16	21
1567	36	0	17	22
1568	36	0	18	23
1569	36	0	19	24
1570	36	0	20	25
1571	36	0	21	26
1572	36	0	22	27
1573	36	0	24	27
1574	36	0	25	28
1575	36	0	26	29
1576	36	0	27	30
1577	36	0	29	30
1578	36	0	30	31
1579	36	0	31	32
1580	36	0	32	33
1581	36	0	33	34
1582	36	0	34	35
1583	18	0	14	15
1584	18	0	15	16
1585	18	0	16	17
1586	6	0	4	5
1587	5	0	2	3
1588	5	0	3	4
1589	4	0	1	2
1590	4	0	2	3
1591	7	0	1	2
1592	7	0	2	3
1593	14	0	2	5
1594	14	0	3	6
1595	27	0	1	8
1596	27	0	2	9
1597	27	0	3	10
1598	27	0	4	11
1599	27	0	6	11
1600	27	0	7	12
1601	27	0	8	13
1602	27	0	9	14
1603	27	0	10	15
1604	27	0	11	16
1605	27	0	12	17
1606	27	0	13	18
1607	37	0	1	10
1608	37	0	2	11
1609	37	0	3	12
1610	37	0	4	13
1611	37	0	5	14
1612	37	0	6	15
1613	37	0	8	15
1614	37	0	9	16
1615	37	0	10	17
1616	37	0	11	18
1617	37	0	12	19
1618	37	0	13	20
1619	37	0	14	21
1620	37	0	16	21
1621	37	0	17	22
1622	37	0	18	23
1623	37	0	19	24
1624	37	0	20	25
1625	37	0	21	26
1626	37	0	22	27
1627	37	0	23	28
1628	37	0	25	28
1629	37	0	26	29
1630	37	0	27	30
1631	37	0	28	31
1632	37	0	30	31
1633	37	0	31	32
1634	37	0	32	33
1635	37	0	33	34
1636	37	0	34	35
1637	37	0	35	36
1638	27	0	15	18
1639	27	0	16	19
1640	27	0	17	20
1641	27	0	18	21
1642	27	0	20	21
1643	27	0	21	22
1644	27	0	22	23
1645	27	0	23	24
1646	27	0	24	25
1647	27	0	25	26
1648	14	0	4	7
1649	14	0	5	8
1650	14	0	7	8
1651	14	0	8	9
1652	14	0	9	10
1653	16	0	1	6
1654	22	0	1	6
1655	22	0	2	7
1656	22	0	3	8
1657	22	0	4	9
1658	22	0	5	10
1659	22	0	6	11
1660	22	0	7	12
1661	38	0	2	11
1662	38	0	3	12
1663	38	0	4	13
1664	38	0	5	14
1665	38	0	6	15
1666	38	0	7	16
1667	38	0	9	16
1668	38	0	10	17
1669	38	0	11	18
1670	38	0	12	19
1671	38	0	13	20
1672	38	0	14	21
1673	38	0	15	22
1674	38	0	17	22
1675	38	0	18	23
1676	38	0	19	24
1677	38	0	20	25
1678	38	0	21	26
1679	38	0	22	27
1680	38	0	23	28
1681	38	0	24	29
1682	38	0	26	29
1683	38	0	27	30
1684	38	0	28	31
1685	38	0	29	32
1686	38	0	31	32
1687	38	0	32	33
1688	38	0	33	34
1689	38	0	34	35
1690	38	0	35	36
1691	38	0	36	37
1692	22	0	8	13
1693	22	0	10	13
1694	22	0	11	14
1695	22	0	12	15
1696	22	0	13	16
1697	22	0	15	16
1698	22	0	16	17
1699	22	0	17	18
1700	22	0	18	19
1701	22	0	19	20
1702	22	0	20	21
1703	16	0	2	7
1704	16	0	4	7
1705	16	0	5	8
1706	16	0	6	9
1707	16	0	7	10
1708	16	0	9	10
1709	16	0	10	11
1710	16	0	11	12
1711	28	0	1	8
1712	28	0	2	9
1713	28	0	3	10
1714	39	0	3	12
1715	39	0	4	13
1716	39	0	5	14
1717	39	0	6	15
1718	39	0	7	16
1719	39	0	8	17
1720	39	0	10	17
1721	39	0	11	18
1722	39	0	12	19
1723	39	0	13	20
1724	39	0	14	21
1725	39	0	15	22
1726	39	0	16	23
1727	39	0	18	23
1728	39	0	19	24
1729	39	0	20	25
1730	39	0	21	26
1731	39	0	22	27
1732	39	0	23	28
1733	39	0	24	29
1734	39	0	25	30
1735	39	0	27	30
1736	39	0	28	31
1737	39	0	29	32
1738	39	0	30	33
1739	39	0	32	33
1740	39	0	33	34
1741	39	0	34	35
1742	39	0	35	36
1743	39	0	36	37
1744	39	0	37	38
1745	28	0	4	11
1746	28	0	5	12
1747	28	0	7	12
1748	28	0	8	13
1749	28	0	9	14
1750	28	0	10	15
1751	28	0	11	16
1752	28	0	12	17
1753	28	0	13	18
1754	28	0	14	19
1755	28	0	16	19
1756	28	0	17	20
1757	28	0	18	21
1758	28	0	19	22
1759	28	0	21	22
1760	28	0	22	23
1761	28	0	23	24
1762	28	0	24	25
1763	28	0	25	26
1764	28	0	26	27
1765	16	0	12	13
1766	40	0	4	13
1767	40	0	5	14
1768	40	0	6	15
1769	40	0	7	16
1770	40	0	8	17
1771	40	0	9	18
1772	40	0	11	18
1773	40	0	12	19
1774	40	0	13	20
1775	40	0	14	21
1776	40	0	15	22
1777	40	0	16	23
1778	40	0	17	24
1779	40	0	19	24
1780	40	0	20	25
1781	40	0	21	26
1782	40	0	22	27
1783	40	0	23	28
1784	40	0	24	29
1785	40	0	25	30
1786	40	0	26	31
1787	40	0	28	31
1788	40	0	29	32
1789	40	0	30	33
1790	40	0	31	34
1791	40	0	33	34
1792	40	0	34	35
1793	40	0	35	36
1794	40	0	36	37
1795	40	0	37	38
1796	40	0	38	39
1797	16	0	13	14
1798	16	0	14	15
1799	14	0	10	11
1800	14	0	11	12
1801	14	0	12	13
1802	7	0	3	4
1803	7	0	4	5
1804	7	0	5	6
1805	3	0	1	2
1806	5	0	1	2
1807	19	0	1	6
1808	19	0	2	7
1809	19	0	3	8
1810	19	0	4	9
1811	19	0	5	10
1812	19	0	7	10
1813	19	0	8	11
1814	19	0	9	12
1815	19	0	10	13
1816	19	0	12	13
1817	41	0	5	14
1818	41	0	6	15
1819	41	0	7	16
1820	41	0	8	17
1821	41	0	9	18
1822	41	0	10	19
1823	41	0	12	19
1824	41	0	13	20
1825	41	0	14	21
1826	41	0	15	22
1827	41	0	16	23
1828	41	0	17	24
1829	41	0	18	25
1830	41	0	20	25
1831	41	0	21	26
1832	41	0	22	27
1833	41	0	23	28
1834	41	0	24	29
1835	41	0	25	30
1836	41	0	26	31
1837	41	0	27	32
1838	41	0	29	32
1839	41	0	30	33
1840	41	0	31	34
1841	41	0	32	35
1842	41	0	34	35
1843	41	0	35	36
1844	41	0	36	37
1845	41	0	37	38
1846	41	0	38	39
1847	41	0	39	40
1848	19	0	13	14
1849	19	0	14	15
1850	19	0	15	16
1851	19	0	16	17
1852	19	0	17	18
1853	23	0	2	7
1854	23	0	3	8
1855	23	0	4	9
1856	23	0	5	10
1857	23	0	6	11
1858	29	0	1	8
1859	29	0	2	9
1860	29	0	3	10
1861	29	0	4	11
1862	29	0	5	12
1863	29	0	6	13
1864	29	0	8	13
1865	29	0	9	14
1866	29	0	10	15
1867	42	0	6	15
1868	42	0	7	16
1869	42	0	8	17
1870	42	0	9	18
1871	42	0	10	19
1872	42	0	11	20
1873	42	0	13	20
1874	42	0	14	21
1875	42	0	15	22
1876	42	0	16	23
1877	42	0	17	24
1878	42	0	18	25
1879	42	0	19	26
1880	42	0	21	26
1881	42	0	22	27
1882	42	0	23	28
1883	42	0	24	29
1884	42	0	25	30
1885	42	0	26	31
1886	42	0	27	32
1887	42	0	28	33
1888	42	0	30	33
1889	42	0	31	34
1890	42	0	32	35
1891	42	0	33	36
1892	42	0	35	36
1893	42	0	36	37
1894	42	0	37	38
1895	42	0	38	39
1896	42	0	39	40
1897	42	0	40	41
1898	29	0	11	16
1899	29	0	12	17
1900	29	0	13	18
1901	29	0	14	19
1902	29	0	15	20
1903	29	0	17	20
1904	29	0	18	21
1905	29	0	19	22
1906	29	0	20	23
1907	29	0	22	23
1908	29	0	23	24
1909	29	0	24	25
1910	29	0	25	26
1911	29	0	26	27
1912	29	0	27	28
1913	23	0	7	12
1914	23	0	8	13
1915	23	0	9	14
1916	43	0	7	16
1917	43	0	8	17
1918	43	0	9	18
1919	43	0	10	19
1920	43	0	11	20
1921	43	0	12	21
1922	43	0	14	21
1923	43	0	15	22
1924	43	0	16	23
1925	43	0	17	24
1926	43	0	18	25
1927	43	0	19	26
1928	43	0	20	27
1929	43	0	22	27
1930	43	0	23	28
1931	43	0	24	29
1932	43	0	25	30
1933	43	0	26	31
1934	43	0	27	32
1935	43	0	28	33
1936	43	0	29	34
1937	43	0	31	34
1938	43	0	32	35
1939	43	0	33	36
1940	43	0	34	37
1941	43	0	36	37
1942	43	0	37	38
1943	43	0	38	39
1944	43	0	39	40
1945	43	0	40	41
1946	43	0	41	42
1947	23	0	11	14
1948	23	0	12	15
1949	23	0	13	16
1950	23	0	14	17
1951	23	0	16	17
1952	23	0	17	18
1953	23	0	18	19
1954	23	0	19	20
1955	23	0	20	21
1956	23	0	21	22
1957	9	0	2	3
1958	9	0	3	4
1959	9	0	4	5
1960	9	0	5	6
1961	9	0	6	7
1962	9	0	7	8
1963	6	0	1	2
1964	6	0	2	3
1965	44	0	8	17
1966	44	0	9	18
1967	44	0	10	19
1968	44	0	11	20
1969	44	0	12	21
1970	44	0	13	22
1971	44	0	15	22
1972	44	0	16	23
1973	44	0	17	24
1974	44	0	18	25
1975	44	0	19	26
1976	44	0	20	27
1977	44	0	21	28
1978	44	0	23	28
1979	44	0	24	29
1980	44	0	25	30
1981	44	0	26	31
1982	44	0	27	32
1983	44	0	28	33
1984	44	0	29	34
1985	44	0	30	35
1986	44	0	32	35
1987	44	0	33	36
1988	44	0	34	37
1989	44	0	35	38
1990	44	0	37	38
1991	44	0	38	39
1992	44	0	39	40
1993	44	0	40	41
1994	44	0	41	42
1995	44	0	42	43
1996	8	0	1	2
1997	8	0	2	3
1998	8	0	3	4
1999	8	0	4	5
2000	13	0	1	4
2001	13	0	2	5
2002	13	0	3	6
2003	13	0	4	7
2004	13	0	6	7
2005	30	0	1	8
2006	30	0	2	9
2007	30	0	3	10
2008	30	0	4	11
2009	30	0	5	12
2010	30	0	6	13
2011	30	0	7	14
2012	30	0	9	14
2013	45	0	9	18
2014	45	0	10	19
2015	45	0	11	20
2016	45	0	12	21
2017	45	0	13	22
2018	45	0	14	23
2019	45	0	16	23
2020	45	0	17	24
2021	45	0	18	25
2022	45	0	19	26
2023	45	0	20	27
2024	45	0	21	28
2025	45	0	22	29
2026	45	0	24	29
2027	45	0	25	30
2028	45	0	26	31
2029	45	0	27	32
2030	45	0	28	33
2031	45	0	29	34
2032	45	0	30	35
2033	45	0	31	36
2034	45	0	33	36
2035	45	0	34	37
2036	45	0	35	38
2037	45	0	36	39
2038	45	0	38	39
2039	45	0	39	40
2040	45	0	40	41
2041	45	0	41	42
2042	45	0	42	43
2043	45	0	43	44
2044	30	0	10	15
2045	30	0	11	16
2046	30	0	12	17
2047	30	0	13	18
2048	30	0	14	19
2049	30	0	15	20
2050	30	0	16	21
2051	30	0	18	21
2052	30	0	19	22
2053	30	0	20	23
2054	30	0	21	24
2055	30	0	23	24
2056	30	0	24	25
2057	30	0	25	26
2058	30	0	26	27
2059	30	0	27	28
2060	46	0	10	19
2061	46	0	11	20
2062	46	0	12	21
2063	46	0	13	22
2064	46	0	14	23
2065	46	0	15	24
2066	46	0	17	24
2067	46	0	18	25
2068	46	0	19	26
2069	46	0	20	27
2070	46	0	21	28
2071	46	0	22	29
2072	46	0	23	30
2073	46	0	25	30
2074	46	0	26	31
2075	46	0	27	32
2076	46	0	28	33
2077	46	0	29	34
2078	46	0	30	35
2079	46	0	31	36
2080	46	0	32	37
2081	46	0	34	37
2082	46	0	35	38
2083	46	0	36	39
2084	46	0	37	40
2085	46	0	39	40
2086	46	0	40	41
2087	46	0	41	42
2088	46	0	42	43
2089	46	0	43	44
2090	46	0	44	45
2091	30	0	28	29
2092	13	0	7	8
2093	13	0	8	9
2094	13	0	9	10
2095	13	0	10	11
2096	13	0	11	12
2097	8	0	5	6
2098	10	0	1	4
2099	10	0	3	4
2100	10	0	4	5
2101	17	0	1	6
2102	17	0	2	7
2103	17	0	3	8
2104	17	0	5	8
2105	17	0	6	9
2106	47	0	11	20
2107	47	0	12	21
2108	47	0	13	22
2109	47	0	14	23
2110	47	0	15	24
2111	47	0	16	25
2112	47	0	18	25
2113	47	0	19	26
2114	47	0	20	27
2115	47	0	21	28
2116	47	0	22	29
2117	47	0	23	30
2118	47	0	24	31
2119	47	0	26	31
2120	47	0	27	32
2121	47	0	28	33
2122	47	0	29	34
2123	47	0	30	35
2124	47	0	31	36
2125	47	0	32	37
2126	47	0	33	38
2127	47	0	35	38
2128	47	0	36	39
2129	47	0	37	40
2130	47	0	38	41
2131	47	0	40	41
2132	47	0	41	42
2133	47	0	42	43
2134	47	0	43	44
2135	47	0	44	45
2136	47	0	45	46
2137	17	0	7	10
2138	17	0	8	11
2139	24	0	1	8
2140	24	0	3	8
2141	24	0	4	9
2142	24	0	5	10
2143	24	0	6	11
2144	24	0	7	12
2145	24	0	8	13
2146	24	0	9	14
2147	24	0	10	15
2148	24	0	12	15
2149	24	0	13	16
2150	24	0	14	17
2151	48	0	12	21
2152	48	0	13	22
2153	48	0	14	23
2154	48	0	15	24
2155	48	0	16	25
2156	48	0	17	26
2157	48	0	19	26
2158	48	0	20	27
2159	48	0	21	28
2160	48	0	22	29
2161	48	0	23	30
2162	48	0	24	31
2163	48	0	25	32
2164	48	0	27	32
2165	48	0	28	33
2166	48	0	29	34
2167	48	0	30	35
2168	48	0	31	36
2169	48	0	32	37
2170	48	0	33	38
2171	48	0	34	39
2172	48	0	36	39
2173	48	0	37	40
2174	48	0	38	41
2175	48	0	39	42
2176	48	0	41	42
2177	48	0	42	43
2178	48	0	43	44
2179	48	0	44	45
2180	48	0	45	46
2181	48	0	46	47
2182	24	0	15	18
2183	31	0	2	9
2184	31	0	3	10
2185	31	0	4	11
2186	31	0	5	12
2187	31	0	6	13
2188	31	0	7	14
2189	31	0	8	15
2190	31	0	10	15
2191	31	0	11	16
2192	31	0	12	17
2193	31	0	13	18
2194	31	0	14	19
2195	49	0	13	22
2196	49	0	14	23
2197	49	0	15	24
2198	49	0	16	25
2199	49	0	17	26
2200	49	0	18	27
2201	49	0	20	27
2202	49	0	21	28
2203	49	0	22	29
2204	49	0	23	30
2205	49	0	24	31
2206	49	0	25	32
2207	49	0	26	33
2208	49	0	28	33
2209	49	0	29	34
2210	49	0	30	35
2211	49	0	31	36
2212	49	0	32	37
2213	49	0	33	38
2214	49	0	34	39
2215	49	0	35	40
2216	49	0	37	40
2217	49	0	38	41
2218	49	0	39	42
2219	49	0	40	43
2220	49	0	42	43
2221	49	0	43	44
2222	49	0	44	45
2223	49	0	45	46
2224	49	0	46	47
2225	49	0	47	48
2226	31	0	15	20
2227	31	0	16	21
2228	31	0	17	22
2229	31	0	19	22
2230	31	0	20	23
2231	31	0	21	24
2232	31	0	22	25
2233	31	0	24	25
2234	31	0	25	26
2235	31	0	26	27
2236	31	0	27	28
2237	31	0	28	29
2238	50	0	14	23
2239	50	0	15	24
2240	50	0	16	25
2241	50	0	17	26
2242	50	0	18	27
2243	50	0	19	28
2244	50	0	21	28
2245	50	0	22	29
2246	50	0	23	30
2247	50	0	24	31
2248	50	0	25	32
2249	50	0	26	33
2250	50	0	27	34
2251	50	0	29	34
2252	50	0	30	35
2253	50	0	31	36
2254	50	0	32	37
2255	50	0	33	38
2256	50	0	34	39
2257	50	0	35	40
2258	50	0	36	41
2259	50	0	38	41
2260	50	0	39	42
2261	50	0	40	43
2262	50	0	41	44
2263	50	0	43	44
2264	50	0	44	45
2265	50	0	45	46
2266	50	0	46	47
2267	50	0	47	48
2268	50	0	48	49
2269	31	0	29	30
2270	24	0	17	18
2271	24	0	18	19
2272	24	0	19	20
2273	24	0	20	21
2274	24	0	21	22
2275	24	0	22	23
2276	17	0	10	11
2277	20	0	1	6
2278	20	0	2	7
2279	20	0	3	8
2280	51	0	15	24
2281	51	0	16	25
2282	51	0	17	26
2283	51	0	18	27
2284	51	0	19	28
2285	51	0	20	29
2286	51	0	22	29
2287	51	0	23	30
2288	51	0	24	31
2289	51	0	25	32
2290	51	0	26	33
2291	51	0	27	34
2292	51	0	28	35
2293	51	0	30	35
2294	51	0	31	36
2295	51	0	32	37
2296	51	0	33	38
2297	51	0	34	39
2298	51	0	35	40
2299	51	0	36	41
2300	51	0	37	42
2301	51	0	39	42
2302	51	0	40	43
2303	51	0	41	44
2304	51	0	42	45
2305	51	0	44	45
2306	51	0	45	46
2307	51	0	46	47
2308	51	0	47	48
2309	51	0	48	49
2310	51	0	49	50
2311	20	0	4	9
2312	20	0	5	10
2313	20	0	6	11
2314	20	0	8	11
2315	20	0	9	12
2316	20	0	10	13
2317	20	0	11	14
2318	20	0	13	14
2319	20	0	14	15
2320	20	0	15	16
2321	52	0	16	25
2322	52	0	17	26
2323	52	0	18	27
2324	52	0	19	28
2325	52	0	20	29
2326	52	0	21	30
2327	52	0	23	30
2328	52	0	24	31
2329	52	0	25	32
2330	52	0	26	33
2331	52	0	27	34
2332	52	0	28	35
2333	52	0	29	36
2334	52	0	31	36
2335	52	0	32	37
2336	52	0	33	38
2337	52	0	34	39
2338	52	0	35	40
2339	52	0	36	41
2340	52	0	37	42
2341	52	0	38	43
2342	52	0	40	43
2343	52	0	41	44
2344	52	0	42	45
2345	52	0	43	46
2346	52	0	45	46
2347	52	0	46	47
2348	52	0	47	48
2349	52	0	48	49
2350	52	0	49	50
2351	52	0	50	51
2352	20	0	16	17
2353	20	0	17	18
2354	20	0	18	19
2355	17	0	11	12
2356	17	0	12	13
2357	17	0	13	14
2358	17	0	14	15
2359	17	0	15	16
2360	32	0	1	10
2361	32	0	3	10
2362	53	0	17	26
2363	53	0	18	27
2364	53	0	19	28
2365	53	0	20	29
2366	53	0	21	30
2367	53	0	22	31
2368	53	0	24	31
2369	53	0	25	32
2370	53	0	26	33
2371	53	0	27	34
2372	53	0	28	35
2373	53	0	29	36
2374	53	0	30	37
2375	53	0	32	37
2376	53	0	33	38
2377	53	0	34	39
2378	53	0	35	40
2379	53	0	36	41
2380	53	0	37	42
2381	53	0	38	43
2382	53	0	39	44
2383	53	0	41	44
2384	53	0	42	45
2385	53	0	43	46
2386	53	0	44	47
2387	53	0	46	47
2388	53	0	47	48
2389	53	0	48	49
2390	53	0	49	50
2391	53	0	50	51
2392	53	0	51	52
2393	32	0	4	11
2394	32	0	5	12
2395	32	0	6	13
2396	32	0	7	14
2397	32	0	8	15
2398	32	0	9	16
2399	32	0	11	16
2400	32	0	12	17
2401	32	0	13	18
2402	54	0	18	27
2403	54	0	19	28
2404	54	0	20	29
2405	54	0	21	30
2406	54	0	22	31
2407	54	0	23	32
2408	54	0	25	32
2409	54	0	26	33
2410	54	0	27	34
2411	54	0	28	35
2412	54	0	29	36
2413	54	0	30	37
2414	54	0	31	38
2415	54	0	33	38
2416	54	0	34	39
2417	54	0	35	40
2418	54	0	36	41
2419	54	0	37	42
2420	54	0	38	43
2421	54	0	39	44
2422	54	0	40	45
2423	54	0	42	45
2424	54	0	43	46
2425	54	0	44	47
2426	54	0	45	48
2427	54	0	47	48
2428	54	0	48	49
2429	54	0	49	50
2430	54	0	50	51
2431	54	0	51	52
2432	54	0	52	53
2433	32	0	14	19
2434	32	0	15	20
2435	32	0	16	21
2436	32	0	17	22
2437	32	0	18	23
2438	32	0	20	23
2439	32	0	21	24
2440	32	0	22	25
2441	55	0	19	28
2442	55	0	20	29
2443	55	0	21	30
2444	55	0	22	31
2445	55	0	23	32
2446	55	0	24	33
2447	55	0	26	33
2448	55	0	27	34
2449	55	0	28	35
2450	55	0	29	36
2451	55	0	30	37
2452	55	0	31	38
2453	55	0	32	39
2454	55	0	34	39
2455	55	0	35	40
2456	55	0	36	41
2457	55	0	37	42
2458	55	0	38	43
2459	55	0	39	44
2460	55	0	40	45
2461	55	0	41	46
2462	55	0	43	46
2463	55	0	44	47
2464	55	0	45	48
2465	55	0	46	49
2466	55	0	48	49
2467	55	0	49	50
2468	55	0	50	51
2469	55	0	51	52
2470	55	0	52	53
2471	55	0	53	54
2472	32	0	23	26
2473	32	0	25	26
2474	32	0	26	27
2475	32	0	27	28
2476	32	0	28	29
2477	32	0	29	30
2478	32	0	30	31
2479	56	0	20	29
2480	56	0	21	30
2481	56	0	22	31
2482	56	0	23	32
2483	56	0	24	33
2484	56	0	25	34
2485	56	0	27	34
2486	56	0	28	35
2487	56	0	29	36
2488	56	0	30	37
2489	56	0	31	38
2490	56	0	32	39
2491	56	0	33	40
2492	56	0	35	40
2493	56	0	36	41
2494	56	0	37	42
2495	56	0	38	43
2496	56	0	39	44
2497	56	0	40	45
2498	56	0	41	46
2499	56	0	42	47
2500	56	0	44	47
2501	56	0	45	48
2502	56	0	46	49
2503	56	0	47	50
2504	56	0	49	50
2505	56	0	50	51
2506	56	0	51	52
2507	56	0	52	53
2508	56	0	53	54
2509	56	0	54	55
2510	10	0	5	6
2511	10	0	6	7
2512	10	0	7	8
2513	15	0	1	6
2514	15	0	3	6
2515	15	0	4	7
2516	57	0	21	30
2517	57	0	22	31
2518	57	0	23	32
2519	57	0	24	33
2520	57	0	25	34
2521	57	0	26	35
2522	57	0	28	35
2523	57	0	29	36
2524	57	0	30	37
2525	57	0	31	38
2526	57	0	32	39
2527	57	0	33	40
2528	57	0	34	41
2529	57	0	36	41
2530	57	0	37	42
2531	57	0	38	43
2532	57	0	39	44
2533	57	0	40	45
2534	57	0	41	46
2535	57	0	42	47
2536	57	0	43	48
2537	57	0	45	48
2538	57	0	46	49
2539	57	0	47	50
2540	57	0	48	51
2541	57	0	50	51
2542	57	0	51	52
2543	57	0	52	53
2544	57	0	53	54
2545	57	0	54	55
2546	57	0	55	56
2547	15	0	5	8
2548	15	0	6	9
2549	15	0	8	9
2550	15	0	9	10
2551	25	0	1	8
2552	25	0	2	9
2553	58	0	22	31
2554	58	0	23	32
2555	58	0	24	33
2556	58	0	25	34
2557	58	0	26	35
2558	58	0	27	36
2559	58	0	29	36
2560	58	0	30	37
2561	58	0	31	38
2562	58	0	32	39
2563	58	0	33	40
2564	58	0	34	41
2565	58	0	35	42
2566	58	0	37	42
2567	58	0	38	43
2568	58	0	39	44
2569	58	0	40	45
2570	58	0	41	46
2571	58	0	42	47
2572	58	0	43	48
2573	58	0	44	49
2574	58	0	46	49
2575	58	0	47	50
2576	58	0	48	51
2577	58	0	49	52
2578	58	0	51	52
2579	58	0	52	53
2580	58	0	53	54
2581	58	0	54	55
2582	58	0	55	56
2583	58	0	56	57
2584	25	0	4	9
2585	25	0	5	10
2586	25	0	6	11
2587	25	0	7	12
2588	25	0	8	13
2589	59	0	23	32
2590	59	0	24	33
2591	59	0	25	34
2592	59	0	26	35
2593	59	0	27	36
2594	59	0	28	37
2595	59	0	30	37
2596	59	0	31	38
2597	59	0	32	39
2598	59	0	33	40
2599	59	0	34	41
2600	59	0	35	42
2601	59	0	36	43
2602	59	0	38	43
2603	59	0	39	44
2604	59	0	40	45
2605	59	0	41	46
2606	59	0	42	47
2607	59	0	43	48
2608	59	0	44	49
2609	59	0	45	50
2610	59	0	47	50
2611	59	0	48	51
2612	59	0	49	52
2613	59	0	50	53
2614	59	0	52	53
2615	59	0	53	54
2616	59	0	54	55
2617	59	0	55	56
2618	59	0	56	57
2619	59	0	57	58
2620	25	0	9	14
2621	25	0	10	15
2622	25	0	11	16
2623	25	0	13	16
2624	60	0	24	33
2625	60	0	25	34
2626	60	0	26	35
2627	60	0	27	36
2628	60	0	28	37
2629	60	0	29	38
2630	60	0	31	38
2631	60	0	32	39
2632	60	0	33	40
2633	60	0	34	41
2634	60	0	35	42
2635	60	0	36	43
2636	60	0	37	44
2637	60	0	39	44
2638	60	0	40	45
2639	60	0	41	46
2640	60	0	42	47
2641	60	0	43	48
2642	60	0	44	49
2643	60	0	45	50
2644	60	0	46	51
2645	60	0	48	51
2646	60	0	49	52
2647	60	0	50	53
2648	60	0	51	54
2649	60	0	53	54
2650	60	0	54	55
2651	60	0	55	56
2652	60	0	56	57
2653	60	0	57	58
2654	60	0	58	59
2655	25	0	14	17
2656	25	0	15	18
2657	25	0	16	19
2658	61	0	25	34
2659	61	0	26	35
2660	61	0	27	36
2661	61	0	28	37
2662	61	0	29	38
2663	61	0	30	39
2664	61	0	32	39
2665	61	0	33	40
2666	61	0	34	41
2667	61	0	35	42
2668	61	0	36	43
2669	61	0	37	44
2670	61	0	38	45
2671	61	0	40	45
2672	61	0	41	46
2673	61	0	42	47
2674	61	0	43	48
2675	61	0	44	49
2676	61	0	45	50
2677	61	0	46	51
2678	61	0	47	52
2679	61	0	49	52
2680	61	0	50	53
2681	61	0	51	54
2682	61	0	52	55
2683	61	0	54	55
2684	61	0	55	56
2685	61	0	56	57
2686	61	0	57	58
2687	61	0	58	59
2688	61	0	59	60
2689	25	0	18	19
2690	25	0	19	20
2691	62	0	26	35
2692	62	0	27	36
2693	62	0	28	37
2694	62	0	29	38
2695	62	0	30	39
2696	62	0	31	40
2697	62	0	33	40
2698	62	0	34	41
2699	62	0	35	42
2700	62	0	36	43
2701	62	0	37	44
2702	62	0	38	45
2703	62	0	39	46
2704	62	0	41	46
2705	62	0	42	47
2706	62	0	43	48
2707	62	0	44	49
2708	62	0	45	50
2709	62	0	46	51
2710	62	0	47	52
2711	62	0	48	53
2712	62	0	50	53
2713	62	0	51	54
2714	62	0	52	55
2715	62	0	53	56
2716	62	0	55	56
2717	62	0	56	57
2718	62	0	57	58
2719	62	0	58	59
2720	62	0	59	60
2721	62	0	60	61
2722	25	0	20	21
2723	63	0	27	36
2724	63	0	28	37
2725	63	0	29	38
2726	63	0	30	39
2727	63	0	31	40
2728	63	0	32	41
2729	63	0	34	41
2730	63	0	35	42
2731	63	0	36	43
2732	63	0	37	44
2733	63	0	38	45
2734	63	0	39	46
2735	63	0	40	47
2736	63	0	42	47
2737	63	0	43	48
2738	63	0	44	49
2739	63	0	45	50
2740	63	0	46	51
2741	63	0	47	52
2742	63	0	48	53
2743	63	0	49	54
2744	63	0	51	54
2745	63	0	52	55
2746	63	0	53	56
2747	63	0	54	57
2748	63	0	56	57
2749	63	0	57	58
2750	63	0	58	59
2751	63	0	59	60
2752	63	0	60	61
2753	63	0	61	62
2754	64	0	28	37
2755	64	0	29	38
2756	64	0	30	39
2757	64	0	31	40
2758	64	0	32	41
2759	64	0	33	42
2760	64	0	35	42
2761	64	0	36	43
2762	64	0	37	44
2763	64	0	38	45
2764	64	0	39	46
2765	64	0	40	47
2766	64	0	41	48
2767	64	0	43	48
2768	64	0	44	49
2769	64	0	45	50
2770	64	0	46	51
2771	64	0	47	52
2772	64	0	48	53
2773	64	0	49	54
2774	64	0	50	55
2775	64	0	52	55
2776	64	0	53	56
2777	64	0	54	57
2778	64	0	55	58
2779	64	0	57	58
2780	64	0	58	59
2781	64	0	59	60
2782	64	0	60	61
2783	64	0	61	62
2784	64	0	62	63
